36,52
36,51
36,50
36,49
36,48
36,47
36,46
36,45
36,44
36,43
36,42
36,41
36,40
36,39
36,38
36,37
36,36
36,35
3,2
3,1
3,3
10,264
10,110
10,308
10,295
10,209
10,93
10,262
11,23
11,9
11,10
8,13
8,10
8,2
8,3
33,3
33,2
33,1
33,0
29,4
29,3
29,2
29,1
29,0
27,3
27,2
27,1
27,0
24,3
24,1
20,3
20,2
20,1
19,3
19,2
19,1
12,3
12,2
12,1
11,30
11,29
11,27
11,25
11,22
11,21
11,20
11,19
11,18
11,17
11,15
11,12
11,11
11,8
11,7
11,6
11,5
11,4
11,3
11,2
11,1
10,311
10,279
10,253
10,224
10,212
10,187
18,1
10,166
18,3
